7142876134777028608
7142876151956897792
7142876169136766976
7142876186316636160
7142876203496505344
7142876220676374528
7142876237856243712
7142876255036112896
7142876272215982080
7142876289395851264
7142876306575720448
7142876323755589632
7142876340935458816
7142876358115328000
7142876375295197184
7142876392475066368
7142878333800284160
7142878350980153344
7142878385339891712
7142878402519760896
7142878454059368448
7142878471239237632
7142878488419106816
7142878505598976000
7142878522778845184
7142878557138583552
7142878574318452736
7142878591498321920
7142878728937275392
7142878746117144576
7142878763297013760
7142878780476882944
7142878814836621312
7142878832016490496
7142878849196359680
7142878866376228864
7142883195703263232
7142883247242870784
7142964112887119872
7142966741407105024
7142966792946712576
7142968510933630976
7142968528113500160
7142970881755578368
7142971070734139392
7143157661293346816
7143157678473216000
7143157695653085184
7143157712832954368
7143157730012823552
7143157747192692736
7143157764372561920
7143157781552431104
7143157833092038656
7143157850271907840
7143159808776994816
7143159825956864000
7143159860316602368
7143159877496471552
7143159894676340736
7143159911856209920
7143159929036079104
7143159946215948288
7143159963395817472
7143159980575686656
7143159997755555840
7143160014935425024
7143160032115294208
7143160066475032576
7143160118014640128
7143160135194509312
7143160152374378496
7143160221093855232
7143160238273724416
7143160255453593600
7143160272633462784
7143160289813331968
7143160306993201152
7143160324173070336
7143160341352939520
7143164275542982656
7143164395802066944
7143164430161805312
7143164447341674496
7143164464521543680
7143164584780627968
7143164705039712256
7143245570683961344
7143245587863830528
7143245605043699712
7143245622223568896
7143245639403438080
7143245690943045632
7143247855606562816
7143247907146170368
7143248044585123840
7143248113304600576
7143248130484469760
7143248216383815680
7143249968730472448
7143249985910341632
7143250003090210816
7143250071809687552
7143252202113466368
7143252305192681472
7143252322372550656
7143252545710850048
7143441352473182208
7143441404012789760
7143443482776961024
7143443499956830208
7143443517136699392
7143443534316568576
7143443551496437760
7143443568676306944
7143443585856176128
7143443620215914496
7143443654575652864
7143443671755522048
7143443688935391232
7143443723295129600
7143443740474998784
7143445681800216576
7143445698980085760
7143445716159954944
7143445733339824128
7143445750519693312
7143445767699562496
7143445784879431680
7143445802059300864
7143445819239170048
7143445836419039232
7143445853598908416
7143445887958646784
7143445905138515968
7143445991037861888
7143446059757338624
7143446094117076992
7143446111296946176
7143446162836553728
7143446180016422912
7143446197196292096
7143527045660672000
7143527062840541184
7143527097200279552
7143527114380148736
7143527131560017920
7143527148739887104
7143527165919756288
7143529279043665920
7143529433662488576
7143529450842357760
7143529588281311232
7143531443707183104
7143531546786398208
7143533677090177024
7143533694270046208
7143533711449915392
7143533848888868864
7143533866068738048
7143534072227168256
7143534089407037440
7143720611246768128
7143720628426637312
7143720645606506496
7143720697146114048
7143720748685721600
7143720783045459968
7143720800225329152
7143722810270023680
7143722930529107968
7143722947708977152
7143723067968061440
7143723085147930624
7143723102327799808
7143723119507668992
7143723136687538176
7143723153867407360
7143723171047276544
7143723222586884096
7143723256946622464
7143723274126491648
7143727311395749888
7143727620633395200
7143808520637382656
7143808537817251840
7143808572176990208
7143810736840507392
7143810822739853312
7143811149157367808
7143812918683893760
7143812935863762944
7143812953043632128
7143815186426626048
7143815203606495232
7143815289505841152
7143815375405187072
7143815495664271360
7143815547203878912
7143815633103224832
7144002034683871232
7144002051863740416
7144002103403347968
7144002120583217152
7144002137763086336
7144002154942955520
7144002223662432256
7144002240842301440
7144002258022170624
7144002275202039808
7144002292381908992
7144004233707126784
7144004250886995968
7144004268066865152
7144004285246734336
7144004302426603520
7144004371146080256
7144004474225295360
7144004491405164544
7144004508585033728
7144004560124641280
7144004663203856384
7144004697563594752
7144004714743463936
7144004731923333120
7144004749103202304
7144008700473114624
7144008717652983808
7144008734832852992
7144008752012722176
7144008769192591360
7144090029973831680
7144090098693308416
7144090115873177600
7144092469515255808
7144092675673686016
7144092710033424384
7144094393660604416
7144094410840473600
7144094428020342784
7144096712942944256
7144096730122813440
7144096867561766912
7144096884741636096
7144096901921505280
7144096953461112832
7144097090900066304
7144097108079935488
7144097125259804672
7144853537720107008
7144853554899976192
7144853572079845376
7144853589259714560
7144941034793861120
7147397326590443520
7147397343770312704
7147397378130051072
7147397395309920256
7147397446849527808
7147399559973437440
7147399611513044992
7147399783311736832
7147399800491606016
7147399817671475200
7147399834851344384
7147399852031213568
7147399869211082752
7147399886390951936
7147399972290297856
7147399989470167040
7147404215717986304
7147467746874228736
7147467764054097920
7147467781233967104
7147467798413836288
7147467815593705472
7147469911537745920
7147470289494867968
7147470409753952256
7147472110561001472
7147472127740870656
7147472144920739840
7147472162100609024
7147472179280478208
7147472196460347392
7147472213640216576
7147474326764126208
7147474447023210496
7147474464203079680
7147474636001771520
7147474756260855808
7147678870286630912
7147681034950148096
7147681206748839936
7147683302692880384
7147685639155089408
7147685656334958592
7147685673514827776
7147685690694696960
7147685776594042880
7147685828133650432
7147685845313519616
7147685879673257984
7147749204671070208
7147751369334587392
7147751386514456576
7147751403694325760
7147751420874194944
7147751438054064128
7147751455233933312
7147751472413802496
7147751489593671680
7147751506773540864
7147751523953410048
7147751541133279232
7147751558313148416
7147751575493017600
7147751609852755968
7147751627032625152
7147751644212494336
7147751661392363520
7147751695752101888
7147751764471578624
7147751781651447808
7147751833191055360
7147753568357842944
7147753585537712128
7147753602717581312
7147753619897450496
7147753637077319680
7147753654257188864
7147753671437058048
7147753688616927232
7147755956359659520
7147755973539528704
7147756110978482176
7147756128158351360
7147756299957043200
7147960276543864832
7147960293723734016
7147960310903603200
7147960328083472384
7147960345263341568
7147960362443210752
7147960379623079936
7147960396802949120
7147962475567120384
7147962492746989568
7147962509926858752
7147962527106727936
7147962544286597120
7147962561466466304
7147962578646335488
7147962595826204672
7147962613006073856
7147962630185943040
7147962647365812224
7147962664545681408
7147962681725550592
7147962698905419776
7147962716085288960
7147962733265158144
7147962750445027328
7147962767624896512
7147962784804765696
7147962801984634880
7147962819164504064
7147962836344373248
7147962853524242432
7147962870704111616
7147962887883980800
7147962905063849984
7147962939423588352
7147962956603457536
7147962973783326720
7147962990963195904
7147963008143065088
7147964674590375936
7147964760489721856
7147964777669591040
7147966925153239040
7147966942333108224
7147966993872715776
7147967011052584960
7147967028232454144
7147967045412323328
7147967062592192512
7147967079772061696
7147967096951930880
7147967114131800064
7147967131311669248
7147967148491538432
7147967165671407616
7147967200031145984
7147967217211015168
7147967234390884352
7147967251570753536
7147967268750622720
7147967285930491904
7147967303110361088
7147967389009707008
7147967406189576192
7148032895850905600
7148032913030774784
7148037431336370176
7148037757753884672
7148037774933753856
7148241785880313856
7148244156702261248
7148244414400299008
7148244431580168192
7148248640648118272
7148248657827987456
7148312120264753152
7148312137444622336
7148312154624491520
7148312171804360704
7148314491086700544
7148314508266569728
7148314525446438912
7148314576986046464
7148314594165915648
7148314611345784832
7148314628525654016
7148314645705523200
7148314680065261568
7148314834684084224
7148318923492950016
7148523295216762880
7148523312396632064
7148523329576501248
7148523346756370432
7148525717578317824
7148525734758187008
7148525769117925376
7148527624543797248
7148527710443143168
7148529840746921984
7148529909466398720
7148529961006006272
7148529978185875456
7148529995365744640
7148530012545613824
7148530029725483008
7148530046905352192
7148593612421332992
7148593629601202176
7148593646781071360
7148595914523803648
7148596051962757120
7148596172221841408
7148598027647713280
7148598062007451648
7148598079187320832
7148598096367190016
7148598113547059200
7148600295390445568
7148600312570314752
7148600346930053120
7148600450009268224
7149369867630542848
7149369884810412032
7149369936350019584
7149370005069496320
7149370022249365504
7149370039429234688
7149372066653798400
7149372083833667584
7149374248497184768
7149374265677053952
7149374626454306816
7149438020171595776
7149438054531334144
7149438071711203328
7149440734590926848
7149440751770796032
7149444668780969984
7149444685960839168
7149444703140708352
7149444720320577536
7149444737500446720
7149444754680315904
7149444771860185088
7149444789040054272
7149444806219923456
7149444823399792640
7149444840579661824
7149444857759531008
7149444874939400192
7149444892119269376
7149444909299138560
7149444926479007744
7149444943658876928
7149444960838746112
7149444978018615296
7149444995198484480
7149445012378353664
7149445029558222848
7149445046738092032
7149445063917961216
7149445081097830400
7149445098277699584
7149445115457568768
7149445132637437952
7149445149817307136
7156404611744530432
7156407171545038848
7156407240264515584
7156408958251433984
7156408975431303168
7156408992611172352
7156409009791041536
7156409044150779904
7156411414972727296
7156411621131157504
7156474911769231360
7156477093612617728
7156477505929478144
7156477557469085696
7156479309815742464
7156479326995611648
7156479344175480832
7156479361355350016
7156479378535219200
7156479395715088384
7156479412894957568
7156481611918213120
7156481629098082304
7156481646277951488
7156481938335727616
7156688234204889088
7156688474723057664
7156690433228144640
7156690467587883008
7156690484767752192
7156690501947621376
7156690519127490560
7156692649431269376
7156692683791007744
7156692752510484480
7156692769690353664
7156692786870222848
7156692838409830400
7156692855589699584
7156692872769568768
7156693078927998976
7156756369566072832
7156756386745942016
7156756421105680384
7156756438285549568
7156756455465418752
7156756472645287936
7156756489825157120
7156758585769197568
7156758637308805120
7156758912186712064
7156758980906188800
7156758998086057984
7156759015265927168
7156760767612583936
7156760801972322304
7156760836332060672
7156760853511929856
7156760887871668224
7156762966635839488
7156762983815708672
7156763000995577856
7156763035355316224
7156763086894923776
7156763104074792960
7156763121254662144
7156763138434531328
7156763155614400512
7156763293053353984
7156763310233223168
7156763327413092352
7156763344592961536
7156763361772830720
7156763396132569088
7156763413312438272
7156763430492307456
7156763447672176640
7156763464852045824
7156763482031915008
7156967492978475008
7156967510158344192
7156967578877820928
7156967596057690112
7156969777901076480
7156969812260814848
7156969829440684032
7156969898160160768
7156969966879637504
7156970018419245056
7156970069958852608
7156970104318590976
7156970121498460160
7156970138678329344
7156971925384724480
7156971942564593664
7156971976924332032
7156971994104201216
7156974296206671872
7156974416465756160
7156974433645625344
7156974450825494528
7156974468005363712
7156974502365102080
7157044475972288512
7157044493152157696
7157044682130718720
7157044699310587904
7157044836749541376
7157044853929410560
7157248950775316480
7157248985135054848
7157249002314924032
7157249019494793216
7157249053854531584
7157249071034400768
7157251149798572032
7157251613655040000
7157251630834909184
7157253348821827584
7157253366001696768
7157253383181565952
7157255599384690688
7157255788363251712
7157255857082728448
7157256011701551104
7157256046061289472
7157256063241158656
7157256080421027840
7157319336699363328
7157319353879232512
7157319388238970880
7157319422598709248
7157319439778578432
7157321999579086848
7157322016758956032
7157323717566005248
7157323734745874432
7157323751925743616
7157323769105612800
7157323786285481984
7157326260186644480
7157326363265859584
7157530442931896320
7157530460111765504
7157530494471503872
7157530528831242240
7157532641955151872
7157532899653189632
7157532916833058816
7157532934012928000
7157533140171358208
7157534823798538240
7157534840978407424
7157534858158276608
7157534875338145792
7157534892518014976
7157534909697884160
7157534926877753344
7157534944057622528
7157537022821793792
7157537040001662976
7157537057181532160
7157537074361401344
7157537091541270528
7157537108721139712
7157537125901008896
7157537143080878080
7157537160260747264
7157537177440616448
7157537246160093184
7157537280519831552
7157537297699700736
7157537314879569920
7157537349239308288
7157537366419177472
7157537435138654208
7157537452318523392
7157537469498392576
7157537486678261760
7157537503858130944
7157537521038000128
7157537538217869312
7157537555397738496
7157600794496204800
7157600811676073984
7157600880395550720
7157600914755289088
7157603337116844032
7157603526095405056
7157607460285448192
7157607872602308608
7158374885041897472
7158374936581505024
7158374970941243392
7158377118424891392
7158377410482667520
7158377513561882624
7158377582281359360
7158379265908539392
7158379351807885312
7158379368987754496
7158381722629832704
7158381739809701888
7158381877248655360
7158381894428524544
7158381928788262912
7158381945968132096
7158381963148001280
7158445305325682688
7158445322505551872
7158447435629461504
7158447487169069056
7158447830766452736
7158451919575318528
7158452005474664448
7158452022654533632
7160890533286510592
7160890550466379776
7160890567646248960
7160890619185856512
7160890636365725696
7160890653545594880
7160890670725464064
7160890705085202432
7160890722265071616
7160890739444940800
7160890756624809984
7160890790984548352
7160892732309766144
7160892749489635328
7160892783849373696
7160892801029242880
7160892818209112064
7160892869748719616
7160892886928588800
7160892904108457984
7160892938468196352
7160892955648065536
7160892972827934720
7160892990007803904
7160893041547411456
7160893144626626560
7160893161806495744
7160893178986364928
7160893213346103296
7160893247705841664
7160893264885710848
7160894931333021696
7160894948512890880
7160895000052498432
7160895017232367616
7160895034412236800
7160895051592105984
7160895068771975168
7160895085951844352
7160895103131713536
7160895120311582720
7160895137491451904
7160895154671321088
7160895171851190272
7160895189031059456
7160897130356277248
7160897147536146432
7160897164716015616
7160897181895884800
7160897199075753984
7160897216255623168
7160897233435492352
7160897250615361536
7160897284975099904
7160897302154969088
7160897319334838272
7160897336514707456
7160897353694576640
7160897439593922560
7160897456773791744
7160897473953660928
7160897491133530112
7160897508313399296
7160897577032876032
7160897611392614400
7160897628572483584
7160897645752352768
7160897662932221952
7160980710419857408
7160980761959464960
7160980779139334144
7160980796319203328
7160980813499072512
7160980830678941696
7160980847858810880
7160980882218549248
7160980968117895168
7160980985297764352
7160981002477633536
7160981019657502720
7160981122736717824
7160982909443112960
7160982926622982144
7160982943802851328
7160982960982720512
7160982995342458880
7160983012522328064
7160985091286499328
7160985108466368512
7161172008263221248
7161172025443090432
7161172042622959616
7161172094162567168
7161172111342436352
7161172180061913088
7161172197241782272
7161172214421651456
7161172231601520640
7161172248781389824
7161172265961259008
7161174207286476800
7161174224466345984
7161174241646215168
7161174258826084352
7161174327545561088
7161174344725430272
7161174430624776192
7161174447804645376
7161174464984514560
7161174482164383744
7161174516524122112
7161174550883860480
7161174568063729664
7161174602423468032
7161174619603337216
7161176406309732352
7161176440669470720
7161176492209078272
7161176543748685824
7161176595288293376
7161176612468162560
7161178605332987904
7161178622512857088
7161178639692726272
7161178656872595456
7161178708412203008
7161178845851156480
7161178863031025664
7161178897390764032
7161178948930371584
7161179034829717504
7161179052009586688
7161179069189455872
7161179086369325056
7161179137908932608
7161259986373312512
7161260055092789248
7161260072272658432
7161260089452527616
7161262168216698880
7161262219756306432
7161262254116044800
7161262528993951744
7161262597713428480
7161264367239954432
7161264384419823616
7161264418779561984
7161264435959431168
7161264453139300352
7161264487499038720
7161266617802817536
7161266634982686720
7161266686522294272
7161266703702163456
7161266720882032640
7161266927040462848
7161266995759939584
7161267012939808768
7161267081659285504
7161455699443056640
7161455768162533376
7161455957141094400
7161456146119655424
7161457898466312192
7161458018725396480
7161458035905265664
7161458053085134848
7161458087444873216
7161460080309698560
7161460097489567744
7161460114669436928
7161460131849306112
7161460234928521216
7161460252108390400
7161460269288259584
7161460286468128768
7161460320827867136
7161460389547343872
7161460475446689792
7161460492626558976
7161460509806428160
7161460526986297344
7161460544166166528
7161460578525904896
7161460595705774080
7161460612885643264
7161541444170153984
7161541461350023168
7161541478529892352
7161541512889630720
7161541530069499904
7161543711912886272
7161543729092755456
7161543763452493824
7161543780632363008
7161543883711578112
7161544107049877504
7161545859396534272
7161545876576403456
7161545910936141824
7161545945295880192
7161545962475749376
7161548041239920640
7161548144319135744
7161548161499004928
7161548264578220032
7161548384837304320
7161548402017173504
7161548453556781056
7161548573815865344
7161737586736627712
7161737603916496896
7161737621096366080
7161737638276235264
7161737655456104448
7161739356263153664
7161739390622892032
7161739407802761216
7161739442162499584
7161739459342368768
7161739476522237952
7161739493702107136
7161739510881976320
7161739562421583872
7161739579601453056
7161741658365624320
7161741812984446976
7161741864524054528
7161741898883792896
7161741916063662080
7161741933243531264
7161741950423400448
7161742001963008000
7161742036322746368
7161742070682484736
7161742087862353920
7161822919146864640
7161822936326733824
7161822953506603008
7161822987866341376
7161823005046210560
7161823022226079744
7161823039405948928
7161825307148681216
7161825410227896320
7161825633566195712
7161827351553114112
7161827368732983296
7161827385912852480
7161827403092721664
7161827437452460032
7161829670835453952
7161829722375061504
7161829859814014976
7161829945713360896
7161829980073099264
7161830048792576000
7162016484732960768
7162016519092699136
7162016536272568320
7162016553452437504
7162016604992045056
7162016622171914240
7162016639351783424
7162016673711521792
7162016690891390976
7162018632216608768
7162018649396477952
7162018666576347136
7162018683756216320
7162018718115954688
7162018735295823872
7162018752475693056
7162018769655562240
7162018786835431424
7162018821195169792
7162018838375038976
7162019044533469184
7162019078893207552
7162019164792553472
7162023064622858240
7162023253601419264
7162023408220241920
7162023476939718656
7162104394123575296
7162104411303444480
7162104428483313664
7162104445663182848
7162104462843052032
7162106833664999424
7162106936744214528
7162106953924083712
7162107091363037184
7162107108542906368
7162108878069432320
7162861098641653760
7162863057146740736
7162863108686348288
7162863160225955840
7162863211765563392
7162863246125301760
7162863332024647680
7162863349204516864
7162863366384386048
7162863383564255232
7162863400744124416
7162863417923993600
7162863435103862784
7162863452283731968
7162863469463601152
7162863486643470336
7162863503823339520
7162863521003208704
7162863538183077888
7162863555362947072
7162863572542816256
7162863589722685440
7162865410788818944
7162865496688164864
7162867455193251840
7162867472373121024
7162867489552990208
7162867506732859392
7162867523912728576
7162867541092597760
7162867558272466944
7162867575452336128
7162867592632205312
7162867609812074496
7162867626991943680
7162867644171812864
7162867661351682048
7162867678531551232
7162867695711420416
7162867712891289600
7162867730071158784
7162867747251027968
7162867764430897152
7162867781610766336
7162867798790635520
7162867815970504704
7162867833150373888
7162867850330243072
7162867867510112256
7162867884689981440
7162867901869850624
7162867919049719808
7162867936229588992
7162867953409458176
7162867970589327360
7162867987769196544
7162948887773184000
7162948904953053184
7162948922132922368
7162948939312791552
7162951018076962816
7162951121156177920
7162951155515916288
7162951172695785472
7162951189875654656
7162951207055523840
7162951224235393024
7162951327314608128
7162951361674346496
7162951396034084864
7162951413213954048
7162951430393823232
7162951499113299968
7162951516293169152
7162951533473038336
7162951550652907520
7162953302999564288
7162955416123473920
7162955433303343104
7162955467663081472
7162955570742296576
7162955587922165760
7162955605102034944
7162955622281904128
7162955673821511680
7162955691001380864
7162955708181250048
7162955759720857600
7162955794080595968
7162955811260465152
7162955828440334336
7162955845620203520
7162955897159811072
7162955914339680256
7162955931519549440
7162955948699418624
